1700
0.49999999E-02	0.98023397
0.99999998E-02	0.97912741
0.15000000E-01	0.97582966
0.20000000E-01	0.97253269
0.24999999E-01	0.96713531
0.29999999E-01	0.96175474
0.35000000E-01	0.95440429
0.39999999E-01	0.94709337
0.44999998E-01	0.93798244
0.49999997E-01	0.92893833
0.55000000E-01	0.91829479
0.59999999E-01	0.90774620
0.64999998E-01	0.89581794
0.70000000E-01	0.88401413
0.74999996E-01	0.87105590
0.79999998E-01	0.85825002
0.85000001E-01	0.84451383
0.89999996E-01	0.83095342
0.94999999E-01	0.81667757
0.99999994E-01	0.80259782
0.10500000	0.78799850
0.11000000	0.77361304
0.11499999	0.75888479
0.12000000	0.74438125
0.12500000	0.72969085
0.13000000	0.71523207
0.13499999	0.70071816
0.14000000	0.68643939
0.14500000	0.67221433
0.14999999	0.65822482
0.15500000	0.64437842
0.16000000	0.63076389
0.16499999	0.61736250
0.17000000	0.60418677
0.17500000	0.59127861
0.17999999	0.57858866
0.18500000	0.56620532
0.19000000	0.55403131
0.19499999	0.54219145
0.19999999	0.53055114
0.20500000	0.51926261
0.20999999	0.50816172
0.21499999	0.49742329
0.22000000	0.48686135
0.22499999	0.47666410
0.22999999	0.46663344
0.23500000	0.45696491
0.23999999	0.44745213
0.24499999	0.43829462
0.25000000	0.42928290
0.25500000	0.42061818
0.25999999	0.41208780
0.26499999	0.40389368
0.26999998	0.39582464
0.27500001	0.38807902
0.28000000	0.38044935
0.28500000	0.37312910
0.28999999	0.36591691
0.29499999	0.35899928
0.29999998	0.35218164
0.30500001	0.34564427
0.31000000	0.33919951
0.31500000	0.33302110
0.31999999	0.32692751
0.32499999	0.32108623
0.32999998	0.31532395
0.33499998	0.30979961
0.34000000	0.30434838
0.34500000	0.29912141
0.34999999	0.29396254
0.35499999	0.28901488
0.35999998	0.28413022
0.36499998	0.27944472
0.37000000	0.27481717
0.37500000	0.27037689
0.38000000	0.26599061
0.38499999	0.26178062
0.38999999	0.25762069
0.39499998	0.25362626
0.39999998	0.24967819
0.40500000	0.24588610
0.41000000	0.24213670
0.41499999	0.23853399
0.41999999	0.23497112
0.42499998	0.23154603
0.42999998	0.22815774
0.43500000	0.22489889
0.44000000	0.22167489
0.44499999	0.21857227
0.44999999	0.21550174
0.45499998	0.21254590
0.45999998	0.20961961
0.46500000	0.20680098
0.47000000	0.20401052
0.47499999	0.20132111
0.47999999	0.19865772
0.48499998	0.19608945
0.48999998	0.19354571
0.49499997	0.19109146
0.50000000	0.18866017
0.50500000	0.18631312
0.50999999	0.18398760
0.51499999	0.18174118
0.51999998	0.17951518
0.52499998	0.17736377
0.52999997	0.17523128
0.53499997	0.17316933
0.53999996	0.17112517
0.54500002	0.16914722
0.55000001	0.16718613
0.55500001	0.16528766
0.56000000	0.16340514
0.56500000	0.16158143
0.56999999	0.15977268
0.57499999	0.15801969
0.57999998	0.15628086
0.58499998	0.15459463
0.58999997	0.15292177
0.59499997	0.15129846
0.59999996	0.14968798
0.60499996	0.14812419
0.61000001	0.14657259
0.61500001	0.14506525
0.62000000	0.14356945
0.62500000	0.14211544
0.63000000	0.14067234
0.63499999	0.13926896
0.63999999	0.13787590
0.64499998	0.13652037
0.64999998	0.13517459
0.65499997	0.13386440
0.65999997	0.13256352
0.66499996	0.13129649
0.66999996	0.13003838
0.67500001	0.12881213
0.68000001	0.12759452
0.68500000	0.12640703
0.69000000	0.12522775
0.69499999	0.12407728
0.69999999	0.12293476
0.70499998	0.12181929
0.70999998	0.12071144
0.71499997	0.11962933
0.71999997	0.11855455
0.72499996	0.11750443
0.72999996	0.11646131
0.73499995	0.11544146
0.74000001	0.11442830
0.74500000	0.11343735
0.75000000	0.11245282
0.75500000	0.11148963
0.75999999	0.11053240
0.76499999	0.10959554
0.76999998	0.10866461
0.77499998	0.10775296
0.77999997	0.10684708
0.78499997	0.10595959
0.78999996	0.10507765
0.79499996	0.10421319
0.79999995	0.10335419
0.80500001	0.10251193
0.81000000	0.10167488
0.81500000	0.10085393
0.81999999	0.10003791
0.82499999	0.99237368E-01
0.82999998	0.98441668E-01
0.83499998	0.97660646E-01
0.83999997	0.96884288E-01
0.84499997	0.96122138E-01
0.84999996	0.95364496E-01
0.85499996	0.94620436E-01
0.85999995	0.93880743E-01
0.86500001	0.93154170E-01
0.87000000	0.92431687E-01
0.87500000	0.91721825E-01
0.88000000	0.91016091E-01
0.88499999	0.90322271E-01
0.88999999	0.89632533E-01
0.89499998	0.88954434E-01
0.89999998	0.88280067E-01
0.90499997	0.87616943E-01
0.90999997	0.86957514E-01
0.91499996	0.86308859E-01
0.91999996	0.85663877E-01
0.92499995	0.85029192E-01
0.93000001	0.84398046E-01
0.93500000	0.83776847E-01
0.94000000	0.83159126E-01
0.94499999	0.82551032E-01
0.94999999	0.81946276E-01
0.95499998	0.81350796E-01
0.95999998	0.80758646E-01
0.96499997	0.80175318E-01
0.96999997	0.79595275E-01
0.97499996	0.79023793E-01
0.97999996	0.78455545E-01
0.98499995	0.77895544E-01
0.98999995	0.77338599E-01
0.99500000	0.76789699E-01
1.0000000      0.76243803E-01
1.0050000      0.75705662E-01
1.0100000      0.75170398E-01
1.0150000      0.74642673E-01
1.0200000      0.74117817E-01
1.0250000      0.73600262E-01
1.0300000      0.73085397E-01
1.0350000      0.72577618E-01
1.0400000      0.72072640E-01
1.0450000      0.71574360E-01
1.0500000      0.71078695E-01
1.0549999      0.70589758E-01
1.0599999      0.70103429E-01
1.0649999      0.69623359E-01
1.0699999      0.69146015E-01
1.0749999      0.68674736E-01
1.0799999      0.68205997E-01
1.0849999      0.67743249E-01
1.0900000      0.67282960E-01
1.0950000      0.66828534E-01
1.1000000      0.66376463E-01
1.1050000      0.65930016E-01
1.1100000      0.65485924E-01
1.1150000      0.65047458E-01
1.1200000      0.64611122E-01
1.1250000      0.64180240E-01
1.1300000      0.63751593E-01
1.1350000      0.63328043E-01
1.1400000      0.62906772E-01
1.1450000      0.62490530E-01
1.1500000      0.62076490E-01
1.1550000      0.61667252E-01
1.1600000      0.61260205E-01
1.1650000      0.60857985E-01
1.1700000      0.60457718E-01
1.1750000      0.60062163E-01
1.1799999      0.59668627E-01
1.1849999      0.59279636E-01
1.1899999      0.58892585E-01
1.1949999      0.58509991E-01
1.1999999      0.58129273E-01
1.2049999      0.57752930E-01
1.2099999      0.57378512E-01
1.2149999      0.57008274E-01
1.2200000      0.56639817E-01
1.2250000      0.56275506E-01
1.2300000      0.55913053E-01
1.2350000      0.55554572E-01
1.2400000      0.55197895E-01
1.2450000      0.54845095E-01
1.2500000      0.54494005E-01
1.2550000      0.54146837E-01
1.2600000      0.53801358E-01
1.2650000      0.53459551E-01
1.2700000      0.53119410E-01
1.2750000      0.52782927E-01
1.2800000      0.52448090E-01
1.2850000      0.52116804E-01
1.2900000      0.51787108E-01
1.2950000      0.51460970E-01
1.3000000      0.51136408E-01
1.3049999      0.50815146E-01
1.3099999      0.50495449E-01
1.3149999      0.50179120E-01
1.3199999      0.49864318E-01
1.3249999      0.49552783E-01
1.3299999      0.49242731E-01
1.3349999      0.48935864E-01
1.3399999      0.48630416E-01
1.3450000      0.48328098E-01
1.3500000      0.48027255E-01
1.3550000      0.47729380E-01
1.3600000      0.47432978E-01
1.3650000      0.47139544E-01
1.3700000      0.46847507E-01
1.3750000      0.46558380E-01
1.3800000      0.46270594E-01
1.3850000      0.45985676E-01
1.3900000      0.45702104E-01
1.3950000      0.45421362E-01
1.4000000      0.45141917E-01
1.4050000      0.44865206E-01
1.4100000      0.44589818E-01
1.4150000      0.44317067E-01
1.4200000      0.44045605E-01
1.4250000      0.43776795E-01
1.4299999      0.43509170E-01
1.4349999      0.43244209E-01
1.4399999      0.42980440E-01
1.4449999      0.42719144E-01
1.4499999      0.42459130E-01
1.4549999      0.42201605E-01
1.4599999      0.41945200E-01
1.4649999      0.41691259E-01
1.4699999      0.41438498E-01
1.4750000      0.41188087E-01
1.4800000      0.40938832E-01
1.4850000      0.40691953E-01
1.4900000      0.40446173E-01
1.4950000      0.40202707E-01
1.5000000      0.39960358E-01
1.5050000      0.39720260E-01
1.5100000      0.39481226E-01
1.5150000      0.39244425E-01
1.5200000      0.39008688E-01
1.5250000      0.38775135E-01
1.5300000      0.38542639E-01
1.5350000      0.38312253E-01
1.5400000      0.38082954E-01
1.5450000      0.37855718E-01
1.5500000      0.37629459E-01
1.5549999      0.37405338E-01
1.5599999      0.37182167E-01
1.5649999      0.36961023E-01
1.5699999      0.36740888E-01
1.5749999      0.36522724E-01
1.5799999      0.36305577E-01
1.5849999      0.36090329E-01
1.5899999      0.35876069E-01
1.5949999      0.35663724E-01
1.5999999      0.35452262E-01
1.6050000      0.35242744E-01
1.6100000      0.35034150E-01
1.6150000      0.34827374E-01
1.6200000      0.34621559E-01
1.6250000      0.34417532E-01
1.6300000      0.34214463E-01
1.6350000      0.34013104E-01
1.6400000      0.33812627E-01
1.6450000      0.33613976E-01
1.6500000      0.33416152E-01
1.6550000      0.33220094E-01
1.6600000      0.33024885E-01
1.6650000      0.32831334E-01
1.6700000      0.32638717E-01
1.6750000      0.32447714E-01
1.6799999      0.32257531E-01
1.6849999      0.32069009E-01
1.6899999      0.31881317E-01
1.6949999      0.31695239E-01
1.6999999      0.31509988E-01
1.7049999      0.31326324E-01
1.7099999      0.31143427E-01
1.7149999      0.30962138E-01
1.7199999      0.30781619E-01
1.7249999      0.30602628E-01
1.7300000      0.30424399E-01
1.7350000      0.30247731E-01
1.7400000      0.30071784E-01
1.7450000      0.29897356E-01
1.7500000      0.29723672E-01
1.7550000      0.29551473E-01
1.7600000      0.29379977E-01
1.7650000      0.29209971E-01
1.7700000      0.29040677E-01
1.7750000      0.28872816E-01
1.7800000      0.28705651E-01
1.7850000      0.28539944E-01
1.7900000      0.28374886E-01
1.7950000      0.28211238E-01
1.8000000      0.28048269E-01
1.8049999      0.27886676E-01
1.8099999      0.27725790E-01
1.8149999      0.27566198E-01
1.8199999      0.27407305E-01
1.8249999      0.27249772E-01
1.8299999      0.27092842E-01
1.8349999      0.26937246E-01
1.8399999      0.26782315E-01
1.8449999      0.26628682E-01
1.8499999      0.26475653E-01
1.8549999      0.26323881E-01
1.8600000      0.26172772E-01
1.8650000      0.26022917E-01
1.8700000      0.25873700E-01
1.8750000      0.25725693E-01
1.8800000      0.25578307E-01
1.8850000      0.25432127E-01
1.8900000      0.25286572E-01
1.8950000      0.25142208E-01
1.9000000      0.24998432E-01
1.9050000      0.24855835E-01
1.9100000      0.24713805E-01
1.9150000      0.24572993E-01
1.9200000      0.24432756E-01
1.9250000      0.24293605E-01
1.9299999      0.24155073E-01
1.9349999      0.24017686E-01
1.9399999      0.23880823E-01
1.9449999      0.23745090E-01
1.9499999      0.23609931E-01
1.9549999      0.23475822E-01
1.9599999      0.23342321E-01
1.9649999      0.23209868E-01
1.9699999      0.23077942E-01
1.9749999      0.22947142E-01
1.9799999      0.22816854E-01
1.9850000      0.22687592E-01
1.9900000      0.22558847E-01
1.9950000      0.22431182E-01
2.0000000      0.22304030E-01
2.0049999      0.22177881E-01
2.0100000      0.22052238E-01
2.0149999      0.21927649E-01
2.0200000      0.21803530E-01
2.0249999      0.21680428E-01
2.0300000      0.21557782E-01
2.0349998      0.21436170E-01
2.0400000      0.21315005E-01
2.0449998      0.21194823E-01
2.0500000      0.21075131E-01
2.0550001      0.20956401E-01
2.0599999      0.20838145E-01
2.0650001      0.20720843E-01
2.0699999      0.20603985E-01
2.0750000      0.20488098E-01
2.0799999      0.20372627E-01
2.0850000      0.20258106E-01
2.0899999      0.20144047E-01
2.0950000      0.20030871E-01
2.0999999      0.19918175E-01
2.1050000      0.19806350E-01
2.1099999      0.19694962E-01
2.1150000      0.19584494E-01
2.1199999      0.19474449E-01
2.1250000      0.19365255E-01
2.1299999      0.19256519E-01
2.1350000      0.19148629E-01
2.1399999      0.19041188E-01
2.1450000      0.18934583E-01
2.1499999      0.18828390E-01
2.1550000      0.18723048E-01
2.1599998      0.18618098E-01
2.1650000      0.18513983E-01
2.1699998      0.18410299E-01
2.1750000      0.18307410E-01
2.1800001      0.18204927E-01
2.1849999      0.18103255E-01
2.1900001      0.18001992E-01
2.1949999      0.17901514E-01
2.2000000      0.17801438E-01
2.2049999      0.17702136E-01
2.2100000      0.17603237E-01
2.2149999      0.17505078E-01
2.2200000      0.17407333E-01
2.2249999      0.17310355E-01
2.2300000      0.17213738E-01
2.2349999      0.17117886E-01
2.2400000      0.17022397E-01
2.2449999      0.16927676E-01
2.2500000      0.16833309E-01
2.2549999      0.16739696E-01
2.2600000      0.16646415E-01
2.2649999      0.16553894E-01
2.2700000      0.16461702E-01
2.2749999      0.16370235E-01
2.2800000      0.16279139E-01
2.2849998      0.16188744E-01
2.2900000      0.16098676E-01
2.2949998      0.16009325E-01
2.3000000      0.15920332E-01
2.3050001      0.15832011E-01
2.3099999      0.15744021E-01
2.3150001      0.15656751E-01
2.3199999      0.15569787E-01
2.3250000      0.15483495E-01
2.3299999      0.15397557E-01
2.3350000      0.15312263E-01
2.3399999      0.15227300E-01
2.3450000      0.15143001E-01
2.3499999      0.15059013E-01
2.3550000      0.14975695E-01
2.3599999      0.14892668E-01
2.3650000      0.14810307E-01
2.3699999      0.14728247E-01
2.3750000      0.14646827E-01
2.3799999      0.14565701E-01
2.3850000      0.14485229E-01
2.3899999      0.14405032E-01
2.3950000      0.14325471E-01
2.3999999      0.14246209E-01
2.4050000      0.14167558E-01
2.4099998      0.14089205E-01
2.4150000      0.14011454E-01
2.4199998      0.13933984E-01
2.4250000      0.13857134E-01
2.4299998      0.13780560E-01
2.4349999      0.13704565E-01
2.4400001      0.13628860E-01
2.4449999      0.13553756E-01
2.4500000      0.13478923E-01
2.4549999      0.13404667E-01
2.4600000      0.13330682E-01
2.4649999      0.13257273E-01
2.4700000      0.13184141E-01
2.4749999      0.13111567E-01
2.4800000      0.13039242E-01
2.4849999      0.12967496E-01
2.4900000      0.12896028E-01
2.4949999      0.12825086E-01
2.5000000      0.12754415E-01
2.5049999      0.12684283E-01
2.5100000      0.12614422E-01
2.5149999      0.12545074E-01
2.5200000      0.12476004E-01
2.5249999      0.12407465E-01
2.5300000      0.12339172E-01
2.5349998      0.12271392E-01
2.5400000      0.12203870E-01
2.5449998      0.12136868E-01
2.5500000      0.12070111E-01
2.5549998      0.12003860E-01
2.5599999      0.11937869E-01
2.5650001      0.11872361E-01
2.5699999      0.11807102E-01
2.5750000      0.11742344E-01
2.5799999      0.11677822E-01
2.5850000      0.11613807E-01
2.5899999      0.11550002E-01
2.5950000      0.11486682E-01
2.5999999      0.11423612E-01
2.6050000      0.11361024E-01
2.6099999      0.11298656E-01
2.6150000      0.11236774E-01
2.6199999      0.11175093E-01
2.6250000      0.11113903E-01
2.6299999      0.11052944E-01
2.6350000      0.10992422E-01
2.6399999      0.10932127E-01
2.6450000      0.10872305E-01
2.6499999      0.10812694E-01
2.6550000      0.10753539E-01
2.6599998      0.10694598E-01
2.6650000      0.10636101E-01
2.6699998      0.10577812E-01
2.6750000      0.10519976E-01
2.6799998      0.10462341E-01
2.6849999      0.10405158E-01
2.6900001      0.10348160E-01
2.6949999      0.10291609E-01
2.7000000      0.10235251E-01
2.7049999      0.10179338E-01
2.7100000      0.10123623E-01
2.7149999      0.10068318E-01
2.7200000      0.10013218E-01
2.7249999      0.99585336E-02
2.7300000      0.99040577E-02
2.7349999      0.98499833E-02
2.7400000      0.97960951E-02
2.7449999      0.97426306E-02
2.7500000      0.96893506E-02
2.7549999      0.96364822E-02
2.7600000      0.95837964E-02
2.7649999      0.95314989E-02
2.7700000      0.94794100E-02
2.7749999      0.94277030E-02
2.7800000      0.93761813E-02
2.7849998      0.93250470E-02
2.7900000      0.92741027E-02
2.7949998      0.92235310E-02
2.8000000      0.91731576E-02
2.8049998      0.91231586E-02
2.8099999      0.90733282E-02
2.8149998      0.90238769E-02
2.8199999      0.89746015E-02
2.8250000      0.89257015E-02
2.8299999      0.88769766E-02
2.8350000      0.88286204E-02
2.8399999      0.87804254E-02
2.8450000      0.87326113E-02
2.8499999      0.86849481E-02
2.8550000      0.86376593E-02
2.8599999      0.85905222E-02
2.8650000      0.85437531E-02
2.8699999      0.84971525E-02
2.8750000      0.84508909E-02
2.8799999      0.84047988E-02
2.8850000      0.83590476E-02
2.8899999      0.83134547E-02
2.8950000      0.82682176E-02
2.8999999      0.82231238E-02
2.9050000      0.81783887E-02
2.9099998      0.81338054E-02
2.9150000      0.80895470E-02
2.9199998      0.80454610E-02
2.9250000      0.80016917E-02
2.9299998      0.79580769E-02
2.9349999      0.79148021E-02
2.9399998      0.78716632E-02
2.9449999      0.78288624E-02
2.9500000      0.77862041E-02
2.9549999      0.77438722E-02
2.9600000      0.77016763E-02
2.9649999      0.76598050E-02
2.9700000      0.76180818E-02
2.9749999      0.75766579E-02
2.9800000      0.75354041E-02
2.9849999      0.74944329E-02
2.9900000      0.74536228E-02
2.9949999      0.74131191E-02
3.0000000      0.73727444E-02
3.0049999      0.73326817E-02
3.0100000      0.72927559E-02
3.0149999      0.72531351E-02
3.0200000      0.72136344E-02
3.0249999      0.71744518E-02
3.0300000      0.71353940E-02
3.0349998      0.70966268E-02
3.0400000      0.70579983E-02
3.0449998      0.70196544E-02
3.0500000      0.69814469E-02
3.0549998      0.69435216E-02
3.0599999      0.69057392E-02
3.0649998      0.68682237E-02
3.0699999      0.68308474E-02
3.0750000      0.67937565E-02
3.0799999      0.67567872E-02
3.0850000      0.67200949E-02
3.0899999      0.66835177E-02
3.0950000      0.66472255E-02
3.0999999      0.66110636E-02
3.1050000      0.65751555E-02
3.1099999      0.65393909E-02
3.1150000      0.65038833E-02
3.1199999      0.64685009E-02
3.1250000      0.64333798E-02
3.1299999      0.63983812E-02
3.1350000      0.63636443E-02
3.1399999      0.63290154E-02
3.1450000      0.62946565E-02
3.1499999      0.62604179E-02
3.1550000      0.62264209E-02
3.1599998      0.61925538E-02
3.1650000      0.61589344E-02
3.1699998      0.61254278E-02
3.1750000      0.60921810E-02
3.1799998      0.60590482E-02
3.1849999      0.60261562E-02
3.1899998      0.59933751E-02
3.1949999      0.59608375E-02
3.1999998      0.59284037E-02
3.2049999      0.58962209E-02
3.2100000      0.58641541E-02
3.2149999      0.58323205E-02
3.2200000      0.58005941E-02
3.2249999      0.57691089E-02
3.2300000      0.57377215E-02
3.2349999      0.57065734E-02
3.2400000      0.56755366E-02
3.2449999      0.56447252E-02
3.2500000      0.56140269E-02
3.2549999      0.55835429E-02
3.2600000      0.55531673E-02
3.2649999      0.55230195E-02
3.2700000      0.54929717E-02
3.2749999      0.54631503E-02
3.2800000      0.54334272E-02
3.2849998      0.54039345E-02
3.2900000      0.53745401E-02
3.2949998      0.53453534E-02
3.3000000      0.53162621E-02
3.3049998      0.52874032E-02
3.3099999      0.52586393E-02
3.3149998      0.52300831E-02
3.3199999      0.52016163E-02
3.3249998      0.51733837E-02
3.3299999      0.51452196E-02
3.3350000      0.51172776E-02
3.3399999      0.50894320E-02
3.3450000      0.50617964E-02
3.3499999      0.50342553E-02
3.3550000      0.50069094E-02
3.3599999      0.49796649E-02
3.3650000      0.49526100E-02
3.3699999      0.49256436E-02
3.3750000      0.48988932E-02
3.3799999      0.48722220E-02
3.3850000      0.48457570E-02
3.3899999      0.48193736E-02
3.3950000      0.47931909E-02
3.3999999      0.47670947E-02
3.4050000      0.47411872E-02
3.4099998      0.47153747E-02
3.4150000      0.46897540E-02
3.4199998      0.46642083E-02
3.4250000      0.46388558E-02
3.4299998      0.46135942E-02
3.4349999      0.45885160E-02
3.4399998      0.45635272E-02
3.4449999      0.45387209E-02
3.4499998      0.45139957E-02
3.4549999      0.44894544E-02
3.4600000      0.44649886E-02
3.4649999      0.44407095E-02
3.4700000      0.44165202E-02
3.4749999      0.43924982E-02
3.4800000      0.43685623E-02
3.4849999      0.43447940E-02
3.4900000      0.43211267E-02
3.4949999      0.42976174E-02
3.5000000      0.42741899E-02
3.5049999      0.42509357E-02
3.5100000      0.42277607E-02
3.5149999      0.42047547E-02
3.5200000      0.41818218E-02
3.5249999      0.41590687E-02
3.5300000      0.41363891E-02
3.5349998      0.41138767E-02
3.5400000      0.40914295E-02
3.5449998      0.40691523E-02
3.5500000      0.40469528E-02
3.5549998      0.40249242E-02
3.5599999      0.40029548E-02
3.5649998      0.39811656E-02
3.5699999      0.39594313E-02
3.5749998      0.39378623E-02
3.5799999      0.39163702E-02
3.5850000      0.38950329E-02
3.5899999      0.38737659E-02
3.5950000      0.38526603E-02
3.5999999      0.38316231E-02
3.6050000      0.38107396E-02
3.6099999      0.37899266E-02
3.6150000      0.37692629E-02
3.6199999      0.37486732E-02
3.6250000      0.37282377E-02
3.6299999      0.37078662E-02
3.6350000      0.36876451E-02
3.6399999      0.36674875E-02
3.6450000      0.36474860E-02
3.6499999      0.36275450E-02
3.6550000      0.36077595E-02
3.6599998      0.35880280E-02
3.6650000      0.35684519E-02
3.6699998      0.35489316E-02
3.6750000      0.35295559E-02
3.6799998      0.35102519E-02
3.6849999      0.34910836E-02
3.6899998      0.34719801E-02
3.6949999      0.34530233E-02
3.6999998      0.34341151E-02
3.7049999      0.34153613E-02
3.7099998      0.33966571E-02
3.7149999      0.33781019E-02
3.7200000      0.33596028E-02
3.7249999      0.33412387E-02
3.7300000      0.33229396E-02
3.7349999      0.33047698E-02
3.7400000      0.32866702E-02
3.7449999      0.32686940E-02
3.7500000      0.32507789E-02
3.7549999      0.32329934E-02
3.7600000      0.32152680E-02
3.7649999      0.31976730E-02
3.7700000      0.31801423E-02
3.7749999      0.31627379E-02
3.7800000      0.31453855E-02
3.7849998      0.31281698E-02
3.7900000      0.31110039E-02
3.7949998      0.30939779E-02
3.8000000      0.30769801E-02
3.8049998      0.30601290E-02
3.8099999      0.30433263E-02
3.8149998      0.30266489E-02
3.8199999      0.30100273E-02
3.8249998      0.29935255E-02
3.8299999      0.29770806E-02
3.8349998      0.29607618E-02
3.8399999      0.29444848E-02
3.8450000      0.29283296E-02
3.8499999      0.29122345E-02
3.8550000      0.28962493E-02
3.8599999      0.28803220E-02
3.8650000      0.28645124E-02
3.8699999      0.28487528E-02
3.8750000      0.28331159E-02
3.8799999      0.28175181E-02
3.8850000      0.28020348E-02
3.8899999      0.27866175E-02
3.8950000      0.27713021E-02
3.8999999      0.27560389E-02
3.9050000      0.27408861E-02
3.9099998      0.27257940E-02
3.9150000      0.27107934E-02
3.9199998      0.26958592E-02
3.9250000      0.26810309E-02
3.9299998      0.26662436E-02
3.9349999      0.26515720E-02
3.9399998      0.26369493E-02
3.9449999      0.26224286E-02
3.9499998      0.26079589E-02
3.9549999      0.25935923E-02
3.9599998      0.25792737E-02
3.9649999      0.25650584E-02
3.9700000      0.25508984E-02
3.9749999      0.25368351E-02
3.9800000      0.25228236E-02
3.9849999      0.25089090E-02
3.9900000      0.24950393E-02
3.9949999      0.24812808E-02
4.0000000      0.24675545E-02
4.0050001      0.24539381E-02
4.0099998      0.24403639E-02
4.0149999      0.24268883E-02
4.0200000      0.24134559E-02
4.0250001      0.24001254E-02
4.0299997      0.23868345E-02
4.0349998      0.23736446E-02
4.0400000      0.23605002E-02
4.0450001      0.23474491E-02
4.0499997      0.23344415E-02
4.0549998      0.23215178E-02
4.0599999      0.23086537E-02
4.0650001      0.22958834E-02
4.0699997      0.22831440E-02
4.0749998      0.22704995E-02
4.0799999      0.22579059E-02
4.0850000      0.22453971E-02
4.0899997      0.22329309E-02
4.0949998      0.22205554E-02
4.0999999      0.22082147E-02
4.1050000      0.21959667E-02
4.1100001      0.21837638E-02
4.1149998      0.21716517E-02
4.1199999      0.21595736E-02
4.1250000      0.21475872E-02
4.1300001      0.21356444E-02
4.1349998      0.21237847E-02
4.1399999      0.21119593E-02
4.1450000      0.21002295E-02
4.1500001      0.20885370E-02
4.1549997      0.20769229E-02
4.1599998      0.20653505E-02
4.1650000      0.20538617E-02
4.1700001      0.20424139E-02
4.1749997      0.20310460E-02
4.1799998      0.20197143E-02
4.1849999      0.20084700E-02
4.1900001      0.19972618E-02
4.1949997      0.19861348E-02
4.1999998      0.19750439E-02
4.2049999      0.19640326E-02
4.2100000      0.19530628E-02
4.2149997      0.19421661E-02
4.2199998      0.19313132E-02
4.2249999      0.19205334E-02
4.2300000      0.19097924E-02
4.2350001      0.18991338E-02
4.2399998      0.18885015E-02
4.2449999      0.18779552E-02
4.2500000      0.18674333E-02
4.2550001      0.18569945E-02
4.2599998      0.18465924E-02
4.2649999      0.18362631E-02
4.2700000      0.18259676E-02
4.2750001      0.18157453E-02
4.2799997      0.18055595E-02
4.2849998      0.17954538E-02
4.2900000      0.17853702E-02
4.2950001      0.17753651E-02
4.2999997      0.17653975E-02
4.3049998      0.17554965E-02
4.3099999      0.17456267E-02
4.3150001      0.17358382E-02
4.3199997      0.17260698E-02
4.3249998      0.17163815E-02
4.3299999      0.17067241E-02
4.3350000      0.16971328E-02
4.3399997      0.16875825E-02
4.3449998      0.16780953E-02
4.3499999      0.16686353E-02
4.3550000      0.16592495E-02
4.3600001      0.16498938E-02
4.3649998      0.16406073E-02
4.3699999      0.16313477E-02
4.3750000      0.16221611E-02
4.3800001      0.16130030E-02
4.3849998      0.16039100E-02
4.3899999      0.15948478E-02
4.3950000      0.15858539E-02
4.4000001      0.15768900E-02
4.4049997      0.15679859E-02
4.4099998      0.15591194E-02
4.4150000      0.15503112E-02
4.4200001      0.15415348E-02
4.4249997      0.15328180E-02
4.4299998      0.15241409E-02
4.4349999      0.15155199E-02
4.4400001      0.15069220E-02
4.4449997      0.14983905E-02
4.4499998      0.14898911E-02
4.4549999      0.14814528E-02
4.4600000      0.14730432E-02
4.4649997      0.14646896E-02
4.4699998      0.14563655E-02
4.4749999      0.14481007E-02
4.4800000      0.14398701E-02
4.4850001      0.14316959E-02
4.4899998      0.14235462E-02
4.4949999      0.14154603E-02
4.5000000      0.14073977E-02
4.5050001      0.13993989E-02
4.5099998      0.13914198E-02
4.5149999      0.13835062E-02
4.5200000      0.13756139E-02
4.5250001      0.13677769E-02
4.5299997      0.13599697E-02
4.5349998      0.13522209E-02
4.5400000      0.13444999E-02
4.5450001      0.13368273E-02
4.5499997      0.13291877E-02
4.5549998      0.13216006E-02
4.5599999      0.13140356E-02
4.5650001      0.13065292E-02
4.5699997      0.12990497E-02
4.5749998      0.12916180E-02
4.5799999      0.12842169E-02
4.5850000      0.12768734E-02
4.5899997      0.12695472E-02
4.5949998      0.12622701E-02
4.5999999      0.12550303E-02
4.6050000      0.12478342E-02
4.6100001      0.12406658E-02
4.6149998      0.12335449E-02
4.6199999      0.12264535E-02
4.6250000      0.12194125E-02
4.6300001      0.12123946E-02
4.6349998      0.12054298E-02
4.6399999      0.11984857E-02
4.6450000      0.11915937E-02
4.6500001      0.11847211E-02
4.6549997      0.11779018E-02
4.6599998      0.11711047E-02
4.6650000      0.11643580E-02
4.6700001      0.11576298E-02
4.6749997      0.11509600E-02
4.6799998      0.11442993E-02
4.6849999      0.11376975E-02
4.6900001      0.11311162E-02
4.6949997      0.11245817E-02
4.6999998      0.11180739E-02
4.7049999      0.11116021E-02
4.7100000      0.11051578E-02
4.7149997      0.10987649E-02
4.7199998      0.10923863E-02
4.7249999      0.10860595E-02
4.7300000      0.10797507E-02
4.7349997      0.10734893E-02
4.7399998      0.10672490E-02
4.7449999      0.10610538E-02
4.7500000      0.10548816E-02
4.7550001      0.10487536E-02
4.7599998      0.10426429E-02
4.7649999      0.10365796E-02
4.7700000      0.10305399E-02
4.7750001      0.10245364E-02
4.7799997      0.10185600E-02
4.7849998      0.10126216E-02
4.7900000      0.10067041E-02
4.7950001      0.10008368E-02
4.7999997      0.99498348E-03
4.8049998      0.98917179E-03
4.8099999      0.98338339E-03
4.8150001      0.97763748E-03
4.8199997      0.97190513E-03
4.8249998      0.96622406E-03
4.8299999      0.96055411E-03
4.8350000      0.95493067E-03
4.8399997      0.94932294E-03
4.8449998      0.94376056E-03
4.8499999      0.93821157E-03
4.8550000      0.93270390E-03
4.8599997      0.92721632E-03
4.8649998      0.92177070E-03
4.8699999      0.91633887E-03
4.8750000      0.91095042E-03
4.8800001      0.90557756E-03
4.8849998      0.90025057E-03
4.8899999      0.89493487E-03
4.8950000      0.88966038E-03
4.9000001      0.88440173E-03
4.9049997      0.87918813E-03
4.9099998      0.87398448E-03
4.9150000      0.86882041E-03
4.9200001      0.86367625E-03
4.9249997      0.85856690E-03
4.9299998      0.85347804E-03
4.9349999      0.84842130E-03
4.9400001      0.84339123E-03
4.9449997      0.83839271E-03
4.9499998      0.83341065E-03
4.9549999      0.82846545E-03
4.9600000      0.82353986E-03
4.9649997      0.81864360E-03
4.9699998      0.81376958E-03
4.9749999      0.80892927E-03
4.9800000      0.80410659E-03
4.9849997      0.79932174E-03
4.9899998      0.79455180E-03
4.9949999      0.78981166E-03
5.0000000      0.78509154E-03
5.0050001      0.78040489E-03
5.0099998      0.77573775E-03
5.0149999      0.77109691E-03
5.0200000      0.76648127E-03
5.0250001      0.76189812E-03
5.0299997      0.75732544E-03
5.0349998      0.75278641E-03
5.0400000      0.74827072E-03
5.0450001      0.74378215E-03
5.0499997      0.73931413E-03
5.0549998      0.73486764E-03
5.0599999      0.73044730E-03
5.0650001      0.72605978E-03
5.0699997      0.72168169E-03
5.0749998      0.71733497E-03
5.0799999      0.71300613E-03
5.0850000      0.70871273E-03
5.0899997      0.70442632E-03
5.0949998      0.70017792E-03
5.0999999      0.69593830E-03
5.1050000      0.69173810E-03
5.1099997      0.68754610E-03
5.1149998      0.68338041E-03
5.1199999      0.67923870E-03
5.1250000      0.67512534E-03
5.1300001      0.67102275E-03
5.1349998      0.66695362E-03
5.1399999      0.66289608E-03
5.1450000      0.65886998E-03
5.1500001      0.65485516E-03
5.1549997      0.65087725E-03
5.1599998      0.64690516E-03
5.1650000      0.64296846E-03
5.1700001      0.63903717E-03
5.1749997      0.63514075E-03
5.1799998      0.63125376E-03
5.1849999      0.62740245E-03
5.1900001      0.62356348E-03
5.1949997      0.61974820E-03
5.1999998      0.61595137E-03
5.2049999      0.61217620E-03
5.2100000      0.60841464E-03
5.2149997      0.60468790E-03
5.2199998      0.60097006E-03
5.2249999      0.59727853E-03
5.2300000      0.59359951E-03
5.2349997      0.58994954E-03
5.2399998      0.58630883E-03
5.2449999      0.58270188E-03
5.2500000      0.57910435E-03
5.2550001      0.57553471E-03
5.2599998      0.57197467E-03
5.2649999      0.56844176E-03
5.2700000      0.56492101E-03
5.2750001      0.56142808E-03
5.2799997      0.55794255E-03
5.2849998      0.55449223E-03
5.2900000      0.55104506E-03
5.2950001      0.54762763E-03
5.2999997      0.54421992E-03
5.3049998      0.54084125E-03
5.3099999      0.53746748E-03
5.3150001      0.53412380E-03
5.3199997      0.53079473E-03
5.3249998      0.52748603E-03
5.3299999      0.52419043E-03
5.3350000      0.52091858E-03
5.3399997      0.51766034E-03
5.3449998      0.51442103E-03
5.3499999      0.51120057E-03
5.3550000      0.50799933E-03
5.3599997      0.50481083E-03
5.3649998      0.50164794E-03
5.3699999      0.49849076E-03
5.3750000      0.49536070E-03
5.3800001      0.49224246E-03
5.3849998      0.48914552E-03
5.3899999      0.48605821E-03
5.3950000      0.48300030E-03
5.4000001      0.47994722E-03
5.4049997      0.47691751E-03
5.4099998      0.47390276E-03
5.4150000      0.47090821E-03
5.4200001      0.46792207E-03
5.4249997      0.46496399E-03
5.4299998      0.46200733E-03
5.4349999      0.45907774E-03
5.4400001      0.45615909E-03
5.4449997      0.45326308E-03
5.4499998      0.45037927E-03
5.4549999      0.44751246E-03
5.4600000      0.44465566E-03
5.4649997      0.44182106E-03
5.4699998      0.43899773E-03
5.4749999      0.43619625E-03
5.4800000      0.43340208E-03
5.4849997      0.43063462E-03
5.4899998      0.42787151E-03
5.4949999      0.42512908E-03
5.5000000      0.42239763E-03
5.5050001      0.41968899E-03
5.5099998      0.41698987E-03
5.5149999      0.41431139E-03
5.5200000      0.41163983E-03
5.5250001      0.40899089E-03
5.5299997      0.40634783E-03
5.5349998      0.40372531E-03
5.5400000      0.40111458E-03
5.5450001      0.39852492E-03
5.5499997      0.39594079E-03
5.5549998      0.39337968E-03
5.5599999      0.39082483E-03
5.5650001      0.38829126E-03
5.5699997      0.38576414E-03
5.5749998      0.38325996E-03
5.5799999      0.38076163E-03
5.5850000      0.37828376E-03
5.5899997      0.37581244E-03
5.5949998      0.37336379E-03
5.5999999      0.37092011E-03
5.6050000      0.36850030E-03
5.6099997      0.36608588E-03
5.6149998      0.36368813E-03
5.6199999      0.36130121E-03
5.6250000      0.35893091E-03
5.6299996      0.35657163E-03
5.6349998      0.35422778E-03
5.6399999      0.35189505E-03
5.6450000      0.34957880E-03
5.6500001      0.34727115E-03
5.6549997      0.34497856E-03
5.6599998      0.34269915E-03
5.6650000      0.34043458E-03
5.6700001      0.33817784E-03
5.6749997      0.33593838E-03
5.6799998      0.33371017E-03
5.6849999      0.33149245E-03
5.6900001      0.32929052E-03
5.6949997      0.32710173E-03
5.6999998      0.32491732E-03
5.7049999      0.32275682E-03
5.7100000      0.32059907E-03
5.7149997      0.31846037E-03
5.7199998      0.31632889E-03
5.7249999      0.31421168E-03
5.7300000      0.31210529E-03
5.7349997      0.31001368E-03
5.7399998      0.30792816E-03
5.7449999      0.30586618E-03
5.7500000      0.30380429E-03
5.7549996      0.30175940E-03
5.7599998      0.29972466E-03
5.7649999      0.29770174E-03
5.7700000      0.29569032E-03
5.7750001      0.29369013E-03
5.7799997      0.29170269E-03
5.7849998      0.28972508E-03
5.7900000      0.28775862E-03
5.7950001      0.28580273E-03
5.7999997      0.28386016E-03
5.8049998      0.28192674E-03
5.8099999      0.28000766E-03
5.8150001      0.27809519E-03
5.8199997      0.27619756E-03
5.8249998      0.27430998E-03
5.8299999      0.27243304E-03
5.8350000      0.27056888E-03
5.8399997      0.26870964E-03
5.8449998      0.26686577E-03
5.8499999      0.26503258E-03
5.8550000      0.26320858E-03
5.8599997      0.26139594E-03
5.8649998      0.25959127E-03
5.8699999      0.25779702E-03
5.8750000      0.25602133E-03
5.8799996      0.25424355E-03
5.8849998      0.25248193E-03
5.8899999      0.25073218E-03
5.8950000      0.24899177E-03
5.9000001      0.24726056E-03
5.9049997      0.24554119E-03
5.9099998      0.24382652E-03
5.9150000      0.24212673E-03
5.9200001      0.24043622E-03
5.9249997      0.23875898E-03
5.9299998      0.23708196E-03
5.9349999      0.23542369E-03
5.9400001      0.23376895E-03
5.9449997      0.23212933E-03
5.9499998      0.23049215E-03
5.9549999      0.22887025E-03
5.9600000      0.22725652E-03
5.9649997      0.22565376E-03
5.9699998      0.22405849E-03
5.9749999      0.22247435E-03
5.9800000      0.22089668E-03
5.9849997      0.21933031E-03
5.9899998      0.21777269E-03
5.9949999      0.21622652E-03
6.0000000      0.21468414E-03
6.0049996      0.21315270E-03
6.0099998      0.21163230E-03
6.0149999      0.21011826E-03
6.0200000      0.20861626E-03
6.0250001      0.20712176E-03
6.0299997      0.20563562E-03
6.0349998      0.20415724E-03
6.0400000      0.20269240E-03
6.0450001      0.20123097E-03
6.0499997      0.19977891E-03
6.0549998      0.19833881E-03
6.0599999      0.19689956E-03
6.0650001      0.19547998E-03
6.0699997      0.19406095E-03
6.0749998      0.19265365E-03
6.0799999      0.19125022E-03
6.0850000      0.18986117E-03
6.0899997      0.18847921E-03
6.0949998      0.18710434E-03
6.0999999      0.18573544E-03
6.1050000      0.18437942E-03
6.1099997      0.18302801E-03
6.1149998      0.18168478E-03
6.1199999      0.18035079E-03
6.1250000      0.17902369E-03
6.1299996      0.17770407E-03
6.1349998      0.17639608E-03
6.1399999      0.17509119E-03
6.1450000      0.17379809E-03
6.1500001      0.17251002E-03
6.1549997      0.17123339E-03
6.1599998      0.16996256E-03
6.1650000      0.16869949E-03
6.1700001      0.16744086E-03
6.1749997      0.16619294E-03
6.1799998      0.16495225E-03
6.1849999      0.16372216E-03
6.1900001      0.16249399E-03
6.1949997      0.16127589E-03
6.1999998      0.16006286E-03
6.2049999      0.15886074E-03
6.2100000      0.15766510E-03
6.2149997      0.15647431E-03
6.2199998      0.15529334E-03
6.2249999      0.15412089E-03
6.2300000      0.15295146E-03
6.2349997      0.15179039E-03
6.2399998      0.15063852E-03
6.2449999      0.14949068E-03
6.2500000      0.14835442E-03
6.2549996      0.14722119E-03
6.2599998      0.14609669E-03
6.2649999      0.14497880E-03
6.2700000      0.14386603E-03
6.2750001      0.14276360E-03
6.2799997      0.14166390E-03
6.2849998      0.14057491E-03
6.2900000      0.13949064E-03
6.2950001      0.13841456E-03
6.2999997      0.13734313E-03
6.3049998      0.13628161E-03
6.3099999      0.13522337E-03
6.3150001      0.13417126E-03
6.3199997      0.13312750E-03
6.3249998      0.13208999E-03
6.3299999      0.13105791E-03
6.3350000      0.13003449E-03
6.3399997      0.12901433E-03
6.3449998      0.12800514E-03
6.3499999      0.12699948E-03
6.3550000      0.12599850E-03
6.3599997      0.12500347E-03
6.3649998      0.12401996E-03
6.3699999      0.12303748E-03
6.3750000      0.12206333E-03
6.3799996      0.12109291E-03
6.3849998      0.12013323E-03
6.3899999      0.11917623E-03
6.3950000      0.11822354E-03
6.3999996      0.11728065E-03
6.4049997      0.11634426E-03
6.4099998      0.11541066E-03
6.4150000      0.11448613E-03
6.4200001      0.11356503E-03
6.4249997      0.11265207E-03
6.4299998      0.11174285E-03
6.4349999      0.11084010E-03
6.4400001      0.10994267E-03
6.4449997      0.10905251E-03
6.4499998      0.10816498E-03
6.4549999      0.10728680E-03
6.4600000      0.10641092E-03
6.4649997      0.10554391E-03
6.4699998      0.10468149E-03
6.4749999      0.10382131E-03
6.4800000      0.10297036E-03
6.4849997      0.10212341E-03
6.4899998      0.10128461E-03
6.4949999      0.10044811E-03
6.5000000      0.99616402E-04
6.5049996      0.98792450E-04
6.5099998      0.97970835E-04
6.5149999      0.97159973E-04
6.5200000      0.96347867E-04
6.5249996      0.95546755E-04
6.5299997      0.94747600E-04
6.5349998      0.93956296E-04
6.5400000      0.93166418E-04
6.5450001      0.92386428E-04
6.5499997      0.91608686E-04
6.5549998      0.90836489E-04
6.5599999      0.90068730E-04
6.5650001      0.89303925E-04
6.5699997      0.88547509E-04
6.5749998      0.87799250E-04
6.5799999      0.87051048E-04
6.5850000      0.86308093E-04
6.5899997      0.85571846E-04
6.5949998      0.84839994E-04
6.5999999      0.84111591E-04
6.6050000      0.83387415E-04
6.6099997      0.82668630E-04
6.6149998      0.81956510E-04
6.6199999      0.81248647E-04
6.6250000      0.80543745E-04
6.6299996      0.79846955E-04
6.6349998      0.79149388E-04
6.6399999      0.78460042E-04
6.6450000      0.77775418E-04
6.6499996      0.77099234E-04
6.6549997      0.76420853E-04
6.6599998      0.75750286E-04
6.6650000      0.75084463E-04
6.6700001      0.74421820E-04
6.6749997      0.73764335E-04
6.6799998      0.73110881E-04
6.6849999      0.72461466E-04
6.6900001      0.71817420E-04
6.6949997      0.71179988E-04
6.6999998      0.70543210E-04
6.7049999      0.69911686E-04
6.7100000      0.69284048E-04
6.7149997      0.68663518E-04
6.7199998      0.68046502E-04
6.7249999      0.67430825E-04
6.7300000      0.66820736E-04
6.7349997      0.66217523E-04
6.7399998      0.65615779E-04
6.7449999      0.65019667E-04
6.7500000      0.64424261E-04
6.7549996      0.63837600E-04
6.7599998      0.63253130E-04
6.7649999      0.62671461E-04
6.7700000      0.62095489E-04
6.7749996      0.61523511E-04
6.7799997      0.60953451E-04
6.7849998      0.60391736E-04
6.7900000      0.59830123E-04
6.7950001      0.59274858E-04
6.7999997      0.58721940E-04
6.8049998      0.58174694E-04
6.8099999      0.57629321E-04
6.8150001      0.57088146E-04
6.8199997      0.56548288E-04
6.8249998      0.56017976E-04
6.8299999      0.55487548E-04
6.8350000      0.54963537E-04
6.8399997      0.54439108E-04
6.8449998      0.53923432E-04
6.8499999      0.53407581E-04
6.8550000      0.52895935E-04
6.8599997      0.52390173E-04
6.8649998      0.51887928E-04
6.8699999      0.51388481E-04
6.8750000      0.50890059E-04
6.8799996      0.50398074E-04
6.8849998      0.49910028E-04
6.8899999      0.49422637E-04
6.8950000      0.48944999E-04
6.8999996      0.48463284E-04
6.9049997      0.47992417E-04
6.9099998      0.47518228E-04
6.9150000      0.47052010E-04
6.9200001      0.46585952E-04
6.9249997      0.46126639E-04
6.9299998      0.45667082E-04
6.9349999      0.45214383E-04
6.9400001      0.44765740E-04
6.9449997      0.44317014E-04
6.9499998      0.43872926E-04
6.9549999      0.43431613E-04
6.9600000      0.42994889E-04
6.9649997      0.42561427E-04
6.9699998      0.42130578E-04
6.9749999      0.41700994E-04
6.9800000      0.41278017E-04
6.9849997      0.40856950E-04
6.9899998      0.40437404E-04
6.9949999      0.40025403E-04
7.0000000      0.39612041E-04
7.0049996      0.39203191E-04
7.0099998      0.38796636E-04
7.0149999      0.38396505E-04
7.0200000      0.37998179E-04
7.0249996      0.37601007E-04
7.0299997      0.37208691E-04
7.0349998      0.36819110E-04
7.0400000      0.36430469E-04
7.0450001      0.36046084E-04
7.0499997      0.35664129E-04
7.0549998      0.35286983E-04
7.0599999      0.34912882E-04
7.0650001      0.34539906E-04
7.0699997      0.34170087E-04
7.0749998      0.33805511E-04
7.0799999      0.33441520E-04
7.0850000      0.33080749E-04
7.0899997      0.32724609E-04
7.0949998      0.32370066E-04
7.0999999      0.32017539E-04
7.1050000      0.31667401E-04
7.1099997      0.31319949E-04
7.1149998      0.30976356E-04
7.1199999      0.30636285E-04
7.1250000      0.30298186E-04
7.1299996      0.29962161E-04
7.1349998      0.29630171E-04
7.1399999      0.29297607E-04
7.1450000      0.28973682E-04
7.1499996      0.28647348E-04
7.1549997      0.28325441E-04
7.1599998      0.28005587E-04
7.1650000      0.27689328E-04
7.1700001      0.27375212E-04
7.1749997      0.27062984E-04
7.1799998      0.26754866E-04
7.1849999      0.26447568E-04
7.1900001      0.26144378E-04
7.1949997      0.25841555E-04
7.1999998      0.25543108E-04
7.2049999      0.25247678E-04
7.2100000      0.24953923E-04
7.2149997      0.24663323E-04
7.2199998      0.24372721E-04
7.2249999      0.24085892E-04
7.2300000      0.23803173E-04
7.2349997      0.23520644E-04
7.2399998      0.23240824E-04
7.2449999      0.22963924E-04
7.2500000      0.22690105E-04
7.2549996      0.22419597E-04
7.2599998      0.22150050E-04
7.2649999      0.21882890E-04
7.2700000      0.21616263E-04
7.2749996      0.21353639E-04
7.2799997      0.21092315E-04
7.2849998      0.20833126E-04
7.2900000      0.20577711E-04
7.2949996      0.20325626E-04
7.2999997      0.20071197E-04
7.3049998      0.19823859E-04
7.3099999      0.19576721E-04
7.3150001      0.19330242E-04
7.3199997      0.19089248E-04
7.3249998      0.18848208E-04
7.3299999      0.18609466E-04
7.3350000      0.18373405E-04
7.3399997      0.18140037E-04
7.3449998      0.17906308E-04
7.3499999      0.17678381E-04
7.3550000      0.17450333E-04
7.3599997      0.17226557E-04
7.3649998      0.17000908E-04
7.3699999      0.16778986E-04
7.3750000      0.16558757E-04
7.3799996      0.16341874E-04
7.3849998      0.16126723E-04
7.3899999      0.15913405E-04
7.3950000      0.15703079E-04
7.3999996      0.15491578E-04
7.4049997      0.15283656E-04
7.4099998      0.15079190E-04
7.4150000      0.14874470E-04
7.4199996      0.14675976E-04
7.4249997      0.14474717E-04
7.4299998      0.14277735E-04
7.4349999      0.14082000E-04
7.4400001      0.13886980E-04
7.4449997      0.13695417E-04
7.4499998      0.13503099E-04
7.4549999      0.13316022E-04
7.4600000      0.13131526E-04
7.4649997      0.12944175E-04
7.4699998      0.12761217E-04
7.4749999      0.12580928E-04
7.4800000      0.12401491E-04
7.4849997      0.12223608E-04
7.4899998      0.12047501E-04
7.4949999      0.11873732E-04
7.5000000      0.11701898E-04
7.5049996      0.11530827E-04
7.5099998      0.11362054E-04
7.5149999      0.11194164E-04
7.5200000      0.11029694E-04
7.5249996      0.10866714E-04
7.5299997      0.10704077E-04
7.5349998      0.10543225E-04
7.5400000      0.10384890E-04
7.5449996      0.10227835E-04
7.5499997      0.10074072E-04
7.5549998      0.99197187E-05
7.5599999      0.97671982E-05
7.5650001      0.96175008E-05
7.5699997      0.94682910E-05
7.5749998      0.93218396E-05
7.5799999      0.91741686E-05
7.5850000      0.90315143E-05
7.5899997      0.88879324E-05
7.5949998      0.87473227E-05
7.5999999      0.86076834E-05
7.6050000      0.84692419E-05
7.6099997      0.83341129E-05
7.6149998      0.81974913E-05
7.6199999      0.80651644E-05
7.6250000      0.79340798E-05
7.6299996      0.78035901E-05
7.6349998      0.76744509E-05
7.6399999      0.75473968E-05
7.6450000      0.74209115E-05
7.6499996      0.72974822E-05
7.6549997      0.71732725E-05
7.6599998      0.70515098E-05
7.6650000      0.69301682E-05
7.6699996      0.68108288E-05
7.6749997      0.66958742E-05
7.6799998      0.65784307E-05
7.6849999      0.64628230E-05
7.6900001      0.63509469E-05
7.6949997      0.62371078E-05
7.6999998      0.61273854E-05
7.7049999      0.60185002E-05
7.7100000      0.59106510E-05
7.7149997      0.58030128E-05
7.7199998      0.56977751E-05
7.7249999      0.55932569E-05
7.7300000      0.54906754E-05
7.7349997      0.53900994E-05
7.7399998      0.52877090E-05
7.7449999      0.51899565E-05
7.7500000      0.50915728E-05
7.7549996      0.49957821E-05
7.7599998      0.48999254E-05
7.7649999      0.48076131E-05
7.7700000      0.47128324E-05
7.7749996      0.46219316E-05
7.7799997      0.45319789E-05
7.7849998      0.44412877E-05
7.7900000      0.43531290E-05
7.7949996      0.42661891E-05
7.7999997      0.41808330E-05
7.8049998      0.40951177E-05
7.8099999      0.40137675E-05
7.8150001      0.39321626E-05
7.8199997      0.38496951E-05
7.8249998      0.37695447E-05
7.8299999      0.36909553E-05
7.8350000      0.36115860E-05
7.8399997      0.35363685E-05
7.8449998      0.34602879E-05
7.8499999      0.33855347E-05
7.8550000      0.33119409E-05
7.8599997      0.32396340E-05
7.8649998      0.31688649E-05
7.8699999      0.30976316E-05
7.8750000      0.30290560E-05
7.8799996      0.29610696E-05
7.8849998      0.28936322E-05
7.8899999      0.28265740E-05
7.8950000      0.27621088E-05
7.8999996      0.26974103E-05
7.9049997      0.26345683E-05
7.9099998      0.25718730E-05
7.9150000      0.25106124E-05
7.9199996      0.24518388E-05
7.9249997      0.23912730E-05
7.9299998      0.23319294E-05
7.9349999      0.22758547E-05
7.9400001      0.22192748E-05
7.9449997      0.21634517E-05
7.9499998      0.21083886E-05
7.9549999      0.20559605E-05
7.9600000      0.20029213E-05
7.9649997      0.19507454E-05
7.9699998      0.18998560E-05
7.9749999      0.18491346E-05
7.9800000      0.18007328E-05
7.9849997      0.17513195E-05
7.9899998      0.17028752E-05
7.9949999      0.16578047E-05
8.0000000      0.16107100E-05
8.0050001      0.15663342E-05
8.0100002      0.15223598E-05
8.0149994      0.14784060E-05
8.0199995      0.14359066E-05
8.0249996      0.13941876E-05
8.0299997      0.13530795E-05
8.0349998      0.13129519E-05
8.0400000      0.12732039E-05
8.0450001      0.12348155E-05
8.0500002      0.11973021E-05
8.0549994      0.11597568E-05
8.0599995      0.11235608E-05
8.0649996      0.10874707E-05
8.0699997      0.10537515E-05
8.0749998      0.10186310E-05
8.0799999      0.98615567E-06
8.0850000      0.95267899E-06
8.0900002      0.92116295E-06
8.0950003      0.88957324E-06
8.0999994      0.85829970E-06
8.1049995      0.82904967E-06
8.1099997      0.79929401E-06
8.1149998      0.77111946E-06
8.1199999      0.74396706E-06
8.1250000      0.71625641E-06
8.1300001      0.68997878E-06
8.1350002      0.66306905E-06
8.1399994      0.63786683E-06
8.1449995      0.61320202E-06
8.1499996      0.58958085E-06
8.1549997      0.56628642E-06
8.1599998      0.54299221E-06
8.1650000      0.52183742E-06
8.1700001      0.49913319E-06
8.1750002      0.47841058E-06
8.1799994      0.45794096E-06
8.1849995      0.43834640E-06
8.1899996      0.41843543E-06
8.1949997      0.39990525E-06
8.1999998      0.38157538E-06
8.2049999      0.36358284E-06
8.2100000      0.34684464E-06
8.2150002      0.32957939E-06
8.2200003      0.31390567E-06
8.2249994      0.29859032E-06
8.2299995      0.28332769E-06
8.2349997      0.26881352E-06
8.2399998      0.25498440E-06
8.2449999      0.24056513E-06
8.2500000      0.22758974E-06
8.2550001      0.21523631E-06
8.2600002      0.20356798E-06
8.2649994      0.19145706E-06
8.2699995      0.18029471E-06
8.2749996      0.16925883E-06
8.2799997      0.15879216E-06
8.2849998      0.14902113E-06
8.2900000      0.13890754E-06
8.2950001      0.12953183E-06
8.3000002      0.12181623E-06
8.3049994      0.11329954E-06
8.3099995      0.10493564E-06
8.3149996      0.97330698E-07
8.3199997      0.90495192E-07
8.3249998      0.83095784E-07
8.3299999      0.77108801E-07
8.3350000      0.70773972E-07
8.3400002      0.65140100E-07
8.3450003      0.59400826E-07
8.3499994      0.53756409E-07
8.3549995      0.49556011E-07
8.3599997      0.45192259E-07
8.3649998      0.41155257E-07
8.3699999      0.37007585E-07
8.3750000      0.33081257E-07
8.3800001      0.29944811E-07
8.3850002      0.26456577E-07
8.3899994      0.23473623E-07
8.3949995      0.20870129E-07
8.3999996      0.18132241E-07
8.4049997      0.16113740E-07
8.4099998      0.14129578E-07
8.4150000      0.12097821E-07
8.4200001      0.10553642E-07
8.4250002      0.90489927E-08
8.4299994      0.75996764E-08
8.4349995      0.63980630E-08
8.4399996      0.51674629E-08
8.4449997      0.43215920E-08
8.4499998      0.34177463E-08
8.4549999      0.28287981E-08
8.4600000      0.23557944E-08
8.4650002      0.16245496E-08
8.4700003      0.12701264E-08
8.4749994      0.98816877E-09
8.4799995      0.60475924E-09
8.4849997      0.37550402E-09
8.4899998      0.23386654E-09
8.4949999      0.89593950E-10
8.5000000      0.92229063E-11
